////每个字符18*9(考虑到紫光RAM是9bit位宽),位宽9bit,深度1692,包含从ACSII 33~126 的所有字符(! --> ~)
111111111
111001111
111001111
111001111
111001111
111001111
111001111
111001111
111001111
111111111
111111111
111001111
111001111
111111111
111111111
111111111
111111111
111111111
111111111
100110011
100110011
100110011
100110011
110110111
111111111
111111111
111111111
111111111
111111111
111111111
111111111
111111111
111111111
111111111
111111111
111111111
111111111
110111011
110110011
110110011
000000001
110110011
100110011
100110111
100110111
000000001
100110111
100110111
101110111
111111111
111111111
111111111
111111111
111111111
111101111
110000111
100000001
001101011
001101111
100101111
100001111
111000011
111100001
111101001
011101001
000000011
100000111
111101111
111101111
111111111
111111111
111111111
111111111
000011111
011011111
011001111
011011001
000010011
111100111
110001111
100100001
001101100
111001100
111101100
111100001
111111111
111111111
111111111
111111111
111111111
111111111
110000111
100000011
100110011
100111111
100111111
100111111
100011001
001001001
011100001
011110011
000000001
100001100
111111111
111111111
111111111
111111111
111111111
111111111
111001111
111001111
111001111
111001111
111001111
111111111
111111111
111111111
111111111
111111111
111111111
111111111
111111111
111111111
111111111
111111111
111111111
111000011
110011111
110011111
100111111
100111111
100111111
100111111
100111111
100111111
110011111
110011111
111000111
111100011
111111011
111111111
111111111
111111111
111111111
100001111
111100111
111100111
111110011
111110011
111110011
111110011
111110011
111110011
111100111
111100111
110001111
100011111
101111111
111111111
111111111
111111111
111111111
111111111
111111111
111111111
111001111
111001111
011001101
000000001
110000111
110000111
100110011
100110011
111111111
111111111
111111111
111111111
111111111
111111111
111111111
111111111
111111111
111001111
111001111
111001111
111001111
000000001
000000001
111001111
111001111
111001111
111001111
111111111
111111111
111111111
111111111
111111111
111111111
111111111
111111111
111111111
111111111
111111111
111111111
111111111
111111111
111111111
111111111
111111111
111001111
111001111
111001111
111011111
111011111
110011111
111111111
111111111
111111111
111111111
111111111
111111111
111111111
000000001
000000001
111111111
111111111
111111111
111111111
111111111
111111111
111111111
111111111
111111111
111111111
111111111
111111111
111111111
111111111
111111111
111111111
111111111
111111111
111111111
111111111
111111111
111001111
111001111
111111111
111111111
111111111
111111111
111111111
111111001
111110011
111110011
111100111
111100111
111101111
111001111
111011111
110011111
110011111
100111111
100111111
001111111
001111111
111111111
111111111
111111111
111111111
111111111
110000111
100000011
000110011
001111001
001111001
001001001
001001001
001111001
001111001
000110001
100000011
110000111
111111111
111111111
111111111
111111111
111111111
111111111
110001111
100001111
101001111
111001111
111001111
111001111
111001111
111001111
111001111
111001111
000000001
000000001
111111111
111111111
111111111
111111111
111111111
111111111
110000111
000000011
101110011
111111011
111111011
111110011
111110011
111100111
111001111
100011111
000000001
000000001
111111111
111111111
111111111
111111111
111111111
111111111
100000111
000000011
111110011
111111011
111100111
110000111
111110011
111111001
111111001
111110001
000000011
000000111
111111111
111111111
111111111
111111111
111111111
111111111
111110011
100110011
100110011
101110011
101110011
001110011
001110011
000000001
000000001
111110011
111110011
111110011
111111111
111111111
111111111
111111111
111111111
111111111
100000011
100000011
100111111
100111111
100000111
100000011
111111001
111111001
111111001
001111001
100000011
110000111
111111111
111111111
111111111
111111111
111111111
111111111
111100011
110000011
100011111
100111111
001100111
000000011
000110001
001111001
001111001
001111001
100000011
110000111
111111111
111111111
111111111
111111111
111111111
111111111
000000001
000000001
001111001
001110011
001110011
111110011
111100111
111100111
111100111
111001111
111001111
111001111
111111111
111111111
111111111
111111111
111111111
111111111
110000111
100000011
001111001
001111001
100000011
111001111
100110011
001111001
001111001
001111001
000000011
110000111
111111111
111111111
111111111
111111111
111111111
111111111
110000111
100000011
001111001
001111001
001111001
000110001
100000001
110011001
111110011
111100011
100000111
100011111
111111111
111111111
111111111
111111111
111111111
111111111
111111111
111111111
111111111
111001111
111001111
111111111
111111111
111111111
111111111
111111111
111001111
111001111
111111111
111111111
111111111
111111111
111111111
111111111
111111111
111111111
111111111
111001111
111001111
111111111
111111111
111111111
111111111
111111111
111001111
111001111
111001111
111011111
111011111
110011111
111111111
111111111
111111111
111111111
111111101
111110001
110000011
000011111
001111111
000001111
111000001
111111001
111111111
111111111
111111111
111111111
111111111
111111111
111111111
111111111
111111111
111111111
111111111
000000001
000000001
111111111
111111111
000000001
000000001
111111111
111111111
111111111
111111111
111111111
111111111
111111111
111111111
111111111
111111111
111111111
011111111
000111111
100000111
111100001
111111001
111000001
000001111
001111111
111111111
111111111
111111111
111111111
111111111
111111111
111111111
111111111
110000111
000000011
101110011
111110011
111110011
111000111
111001111
111011111
111111111
111111111
111001111
111001111
111111111
111111111
111111111
111111111
111111111
111111111
110000111
100000011
100111001
001000001
001000001
010011001
010011001
010011001
010011001
001000001
001101001
100111111
100000011
110000011
111111111
111111111
111111111
111111111
111001111
110000111
110000111
110110111
110110111
100110011
100110011
100000011
000000001
001111001
001111001
011111101
111111111
111111111
111111111
111111111
111111111
111111111
000000111
000000011
001111001
001111011
000000111
000000011
001111001
001111101
001111101
001111001
000000001
000000011
111111111
111111111
111111111
111111111
111111111
111111111
111000011
100000001
000111111
001111111
001111111
011111111
001111111
001111111
001111111
000111111
100000001
110000001
111111111
111111111
111111111
111111111
111111111
111111111
000000111
000000011
001110001
001111001
001111001
001111101
001111101
001111101
001111001
001110001
000000011
000000111
111111111
111111111
111111111
111111111
111111111
111111111
000000001
000000001
001111111
001111111
001111111
000000011
000000011
001111111
001111111
001111111
000000001
000000001
111111111
111111111
111111111
111111111
111111111
111111111
000000001
000000001
001111111
001111111
001111111
000000011
000000011
001111111
001111111
001111111
001111111
001111111
111111111
111111111
111111111
111111111
111111111
111111111
110000011
100000001
000111111
001111111
011111111
011111111
011100001
001100001
001111001
000111001
100000001
110000001
111111111
111111111
111111111
111111111
111111111
111111111
001111001
001111001
001111001
001111001
001111001
000000001
000000001
001111001
001111001
001111001
001111001
001111001
111111111
111111111
111111111
111111111
111111111
111111111
000000001
000000001
111001111
111001111
111001111
111001111
111001111
111001111
111001111
111001111
000000001
000000001
111111111
111111111
111111111
111111111
111111111
111111111
111000001
111000001
111111001
111111001
111111001
111111001
111111001
111111001
011111001
001110001
000000011
110000111
111111111
111111111
111111111
111111111
111111111
111111111
001111001
001111001
001111001
001111011
001110011
001100111
000000111
000000111
001110011
001110011
001111001
001111001
111111111
111111111
111111111
111111111
111111111
111111111
001111111
001111111
001111111
001111111
001111111
001111111
001111111
001111111
001111111
001111111
000000001
000000001
111111111
111111111
111111111
111111111
111111111
111111111
000110001
000110001
000110001
000000001
001001001
001001001
001001001
001111001
001111001
001111001
001111001
001111001
111111111
111111111
111111111
111111111
111111111
111111111
000111001
000111001
000111001
000011001
001011001
001011001
001001001
001101001
001100001
001110001
001110001
001110001
111111111
111111111
111111111
111111111
111111111
111111111
110000111
100000011
001110001
001111001
001111001
011111101
011111101
001111001
001111001
001110001
100000011
110000111
111111111
111111111
111111111
111111111
111111111
111111111
000000111
000000001
001111001
001111101
001111001
001111001
000000001
000000111
001111111
001111111
001111111
001111111
111111111
111111111
111111111
111111111
111111111
111111111
110000111
100000011
001110001
001111001
001111001
011111101
011111101
001111001
001111001
001110001
100000011
110000111
111001111
111001111
111100001
111110011
111111111
111111111
000000111
000000001
001111001
001111001
001111001
000000001
000000111
001110111
001110011
001110011
001111001
001111001
111111111
111111111
111111111
111111111
111111111
111111111
110000111
100000001
001111011
001111111
100111111
100001111
111000011
111110001
111111001
011111001
000000011
100000111
111111111
111111111
111111111
111111111
111111111
111111111
000000001
000000001
111001111
111001111
111001111
111001111
111001111
111001111
111001111
111001111
111001111
111001111
111111111
111111111
111111111
111111111
111111111
111111111
001111001
001111001
001111001
001111001
001111001
001111001
001111001
001111001
001111001
001110001
100000011
110000111
111111111
111111111
111111111
111111111
111111111
111111111
011111101
001111001
001111001
001111001
101111011
100110011
100110011
100110011
110110111
110000111
110000111
111001111
111111111
111111111
111111111
111111111
111111111
111111111
011111100
011111100
011111100
011001101
011001101
011001101
011001001
001001001
000100001
000110001
000110001
000110001
111111111
111111111
111111111
111111111
111111111
111111111
001111001
001111001
100110011
110110111
110000111
111001111
111001111
110000111
110110111
100110011
001111001
001111001
111111111
111111111
111111111
111111111
111111111
111111111
011111101
001111001
001111011
100110011
100110111
110000111
111001111
111001111
111001111
111001111
111001111
111001111
111111111
111111111
111111111
111111111
111111111
111111111
000000001
000000001
111110011
111110011
111100111
111001111
111001111
110011111
100111111
100111111
000000001
000000001
111111111
111111111
111111111
111111111
111111111
110000011
110011111
110011111
110011111
110011111
110011111
110011111
110011111
110011111
110011111
110011111
110011111
110000011
110000011
111111111
111111111
111111111
111111111
001111111
100111111
100111111
110011111
110011111
111011111
111001111
111101111
111100111
111100111
111110011
111110011
111111001
111111001
111111111
111111111
111111111
111111111
100000111
111100111
111100111
111100111
111100111
111100111
111100111
111100111
111100111
111100111
111100111
111100111
100000111
100000111
111111111
111111111
111111111
111111111
111111111
111001111
110000111
110110111
100110011
100110011
111111111
111111111
111111111
111111111
111111111
111111111
111111111
111111111
111111111
111111111
111111111
111111111
111111111
111111111
111111111
111111111
111111111
111111111
111111111
111111111
111111111
111111111
111111111
111111111
111111111
000000001
000000001
111111111
111111111
111111111
111111111
110011111
110011111
111001111
111001111
111100111
111111111
111111111
111111111
111111111
111111111
111111111
111111111
111111111
111111111
111111111
111111111
111111111
111111111
111111111
111111111
111111111
100001111
100000011
111110011
111110011
100000011
001110011
011110011
001110000
100001000
111111111
111111111
111111111
111111111
111111111
111111111
001111111
001111111
001111111
001000011
000000001
000111001
001111001
001111001
001111001
001110001
000000011
000001111
111111111
111111111
111111111
111111111
111111111
111111111
111111111
111111111
111111111
110000011
100000001
000111011
001111111
001111111
001111111
000111111
100000001
110000001
111111111
111111111
111111111
111111111
111111111
111111111
111111001
111111001
111111001
100001001
000000001
001110001
001111001
001111001
001111001
001110001
000000001
100001001
111111111
111111111
111111111
111111111
111111111
111111111
111111111
111111111
111111111
110000111
100000011
001111001
001111001
000000001
001111111
000111111
100000011
110000011
111111111
111111111
111111111
111111111
111111111
111111111
111100001
111000001
111001111
110011111
110011111
000000001
000000001
110011111
110011111
110011111
110011111
110011111
111111111
111111111
111111111
111111111
111111111
111111111
111111111
111111111
111111111
100001001
000000001
001110001
001111001
001111001
001111001
001110001
000000001
100001001
111111011
111110011
000000011
000001111
111111111
111111111
001111111
001111111
001111111
001000111
000000011
000110001
001111001
001111001
001111001
001111001
001111001
001111001
111111111
111111111
111111111
111111111
111111111
111111111
111000111
111000111
111111111
100001111
100001111
111101111
111101111
111101111
111101111
111101111
000000001
000000001
111111111
111111111
111111111
111111111
111111111
111111111
111100111
111100111
111111111
100000111
100000111
111110111
111110111
111110111
111110111
111110111
111110111
111110111
111100111
111000111
000001111
000011111
111111111
111111111
001111111
001111111
001111111
001111001
001111001
001110011
001110011
000000111
000000111
001110011
001110001
001111001
111111111
111111111
111111111
111111111
111111111
111111111
000011111
000011111
110011111
110011111
110011111
110011111
110011111
110011111
110011111
110011111
111000001
111000001
111111111
111111111
111111111
111111111
111111111
111111111
111111111
111111111
111111111
000010001
001001001
001001001
001001001
001001001
001001001
001001001
001001001
001001001
111111111
111111111
111111111
111111111
111111111
111111111
111111111
111111111
111111111
001000111
000000011
000110001
001111001
001111001
001111001
001111001
001111001
001111001
111111111
111111111
111111111
111111111
111111111
111111111
111111111
111111111
111111111
110000111
100000011
000110001
001111001
001111001
001111001
000110001
100000011
110000111
111111111
111111111
111111111
111111111
111111111
111111111
111111111
111111111
111111111
001000011
000000001
000111001
001111001
001111001
001111001
000111001
000000001
001000011
001111111
001111111
001111111
001111111
111111111
111111111
111111111
111111111
111111111
100001001
100000001
001110001
001111001
001111001
001111001
001111001
000000001
100001001
111111001
111111001
111111001
111111001
111111111
111111111
111111111
111111111
111111111
000100001
000100001
110011100
110011111
110111111
110111111
110111111
000000111
000000111
111111111
111111111
111111111
111111111
111111111
111111111
111111111
111111111
111111111
110000011
100000011
001111111
100111111
110000011
111110001
111111001
000000011
000000111
111111111
111111111
111111111
111111111
111111111
111111111
110011111
110011111
110011111
000000001
000000001
110011111
110011111
110011111
110011111
110011111
110000001
111000001
111111111
111111111
111111111
111111111
111111111
111111111
111111111
111111111
111111111
001111011
001111011
001111011
001111011
001111011
001110011
001110011
100001000
100001000
111111111
111111111
111111111
111111111
111111111
111111111
111111111
111111111
111111111
001111001
001111001
101111011
100110011
100110011
110110111
110000111
110000111
111001111
111111111
111111111
111111111
111111111
111111111
111111111
111111111
111111111
111111111
011001101
011001001
011001001
001001001
000101001
000101001
000110011
000110011
100110011
111111111
111111111
111111111
111111111
111111111
111111111
111111111
111111111
111111111
001111001
100110011
110000111
110000111
111001111
110000111
110000111
100110011
001111001
111111111
111111111
111111111
111111111
111111111
111111111
111111111
111111111
111111111
011111001
001111001
001111011
100110011
100110011
110110011
110010111
110000111
111000111
111001111
110001111
000011111
000111111
111111111
111111111
111111111
111111111
111111111
000000011
000000011
111110011
111100111
111001111
110011111
100111111
000000001
000000001
111111111
111111111
111111111
111111111
111111111
111000011
111001111
111001111
111001111
111101111
111001111
100111111
111001111
111101111
111001111
111001111
111000111
111000011
111110111
111111111
111111111
111111111
111111111
111001111
111001111
111001111
111001111
111001111
111001111
111001111
111001111
111001111
111001111
111001111
111001111
111001111
111001111
111001111
111111111
111111111
111111111
100001111
111001111
111001111
111001111
111011111
111001111
111110011
111001111
111011111
111001111
111001111
110001111
100001111
100111111
111111111
111111111
111111111
111111111
111111111
111111111
111111111
111111111
111111111
100111001
000001001
001000001
001110011
111111111
111111111
111111111
111111111
111111111
111111111
111111111
111111111
111111111
111111111
111111111
111111111
111111111
111111111
111111111
111111111
111111111
111111111
111111111
111111111
111111111
111111111
111111111
111111111
111111111
111111111
111111111
111111111
111111111
111111111
111111111
111111111
111111111
111111111
111111111
111111111
111111111
111111111
111111111
111111111
111111111
111111111
111111111
111111111
111111111
111111111
111111111
111111111
111111111
111111111
111111111
111111111
111111111
111111111
111111111
111111111
111111111
111111111
111111111
111111111
111111111
111111111
111111111
111111111
111111111
111111111
111111111
111111111
111111111
111111111
111111111
111111111
111111111
111111111
111111111
111111111
111111111
111111111
111111111
111111111
111111111
111111111
111111111
111111111
111111111
111111111
111111111
111111111
111111111
111111111
111111111
111111111
111111111
111111111
111111111
111111111
111111111
111111111
111111111
111111111
111111111
111111111
111111111
111111111
111111111
111111111
111111111
111111111
111111111
111111111
111111111
111111111
111111111
111111111
111111111
111111111
111111111
111111111
111111111
111111111
111111111
111111111
111111111
111111111
111111111
111111111
111111111
111111111
111111111
111111111
111111111
111111111
111111111
111111111
111111111
111111111
111111111
111111111
111111111
111111111
111111111
111111111
111111111
111111111
111111111
111111111
111111111
111111111
111111111
111111111
111111111
111111111
111111111
111111111
111111111
111111111
111111111
111111111
111111111
111111111
111111111
111111111
111111111
111111111
111111111
111111111
111111111
111111111
111111111
111111111
111111111
111111111
111111111
111111111
111111111
111111111
111111111
111111111
111111111
111111111
111111111
111111111
111111111
111111111
111111111
111111111
111111111
111111111
111111111
111111111
111111111
111111111
111111111
111111111
111111111
111111111
111111111
111111111
111111111
111111111
111111111
111111111
111111111
111111111
111111111
111111111
111111111
111111111
111111111
111111111
111111111
111111111
111111111
111111111
111111111
111111111
111111111
111111111
111111111
111111111
111111111
111111111
111111111
111111111
111111111
111111111
111111111
111111111
111111111
111111111
111111111
111111111
111111111
111111111
111111111
111111111
111111111
111111111
111111111
111111111
111111111
111111111
111111111
111111111
111111111
111111111
111111111
111111111
111111111
111111111
111111111
111111111
111111111
111111111
111111111
111111111
111111111
111111111
111111111
111111111
111111111
111111111
111111111
111111111
111111111
111111111
111111111
111111111
111111111
111111111
111111111
111111111
111111111
111111111
111111111
111111111
111111111
111111111
111111111
111111111
111111111
111111111
111111111
111111111
111111111
111111111
111111111
111111111
111111111
111111111
111111111
111111111
111111111
111111111
111111111
111111111
111111111
111111111
111111111
111111111
111111111
111111111
111111111
111111111
111111111
111111111
111111111
111111111
111111111
111111111
111111111
111111111
111111111
111111111
111111111
111111111
111111111
111111111
111111111
111111111
111111111
111111111
111111111
111111111
111111111
111111111
111111111
111111111
111111111
111111111
111111111
111111111
111111111
111111111
111111111
111111111
111111111
111111111
111111111
111111111
111111111
111111111
111111111
111111111
111111111
111111111
111111111
111111111
111111111
111111111
111111111
111111111
111111111
111111111
111111111
111111111
111111111
111111111
111111111
111111111
111111111
111111111
111111111
111111111
111111111
